2021/05/02-01:54:39.726740 7f7ac6819640 RocksDB version: 6.12.7
2021/05/02-01:54:39.727061 7f7ac6819640 Git sha rocksdb_build_git_sha:
2021/05/02-01:54:39.727092 7f7ac6819640 Compile date Oct 14 2020
2021/05/02-01:54:39.727514 7f7ac6819640 DB SUMMARY
2021/05/02-01:54:39.727545 7f7ac6819640 DB Session ID:  C8DP5MR8T3MYO3XM3ZWM
2021/05/02-01:54:39.727833 7f7ac6819640 CURRENT file:  CURRENT
2021/05/02-01:54:39.727857 7f7ac6819640 IDENTITY file:  IDENTITY
2021/05/02-01:54:39.727883 7f7ac6819640 MANIFEST file:  MANIFEST-000001 size: 13 Bytes
2021/05/02-01:54:39.727894 7f7ac6819640 SST files in /home/jimmy/dev/sumibi/db/tx-log dir, Total Num: 0, files: 
2021/05/02-01:54:39.727900 7f7ac6819640 Write Ahead Log file in /home/jimmy/dev/sumibi/db/tx-log: 000003.log size: 0 ; 
2021/05/02-01:54:39.727913 7f7ac6819640                         Options.error_if_exists: 0
2021/05/02-01:54:39.727917 7f7ac6819640                       Options.create_if_missing: 1
2021/05/02-01:54:39.727920 7f7ac6819640                         Options.paranoid_checks: 1
2021/05/02-01:54:39.727923 7f7ac6819640                                     Options.env: 0x7f7a5e554480
2021/05/02-01:54:39.727929 7f7ac6819640                                      Options.fs: Posix File System
2021/05/02-01:54:39.727934 7f7ac6819640                                Options.info_log: 0x7f7ac14f1db0
2021/05/02-01:54:39.727938 7f7ac6819640                Options.max_file_opening_threads: 16
2021/05/02-01:54:39.727940 7f7ac6819640                              Options.statistics: (nil)
2021/05/02-01:54:39.727947 7f7ac6819640                               Options.use_fsync: 0
2021/05/02-01:54:39.727949 7f7ac6819640                       Options.max_log_file_size: 0
2021/05/02-01:54:39.727952 7f7ac6819640                  Options.max_manifest_file_size: 1073741824
2021/05/02-01:54:39.727955 7f7ac6819640                   Options.log_file_time_to_roll: 0
2021/05/02-01:54:39.727958 7f7ac6819640                       Options.keep_log_file_num: 1000
2021/05/02-01:54:39.727963 7f7ac6819640                    Options.recycle_log_file_num: 0
2021/05/02-01:54:39.727971 7f7ac6819640                         Options.allow_fallocate: 1
2021/05/02-01:54:39.727975 7f7ac6819640                        Options.allow_mmap_reads: 0
2021/05/02-01:54:39.727977 7f7ac6819640                       Options.allow_mmap_writes: 0
2021/05/02-01:54:39.727981 7f7ac6819640                        Options.use_direct_reads: 0
2021/05/02-01:54:39.727983 7f7ac6819640                        Options.use_direct_io_for_flush_and_compaction: 0
2021/05/02-01:54:39.727988 7f7ac6819640          Options.create_missing_column_families: 0
2021/05/02-01:54:39.727993 7f7ac6819640                              Options.db_log_dir: 
2021/05/02-01:54:39.727997 7f7ac6819640                                 Options.wal_dir: /home/jimmy/dev/sumibi/db/tx-log
2021/05/02-01:54:39.727999 7f7ac6819640                Options.table_cache_numshardbits: 6
2021/05/02-01:54:39.728001 7f7ac6819640                         Options.WAL_ttl_seconds: 0
2021/05/02-01:54:39.728005 7f7ac6819640                       Options.WAL_size_limit_MB: 0
2021/05/02-01:54:39.728007 7f7ac6819640                        Options.max_write_batch_group_size_bytes: 1048576
2021/05/02-01:54:39.728009 7f7ac6819640             Options.manifest_preallocation_size: 4194304
2021/05/02-01:54:39.728017 7f7ac6819640                     Options.is_fd_close_on_exec: 1
2021/05/02-01:54:39.728020 7f7ac6819640                   Options.advise_random_on_open: 1
2021/05/02-01:54:39.728023 7f7ac6819640                    Options.db_write_buffer_size: 0
2021/05/02-01:54:39.728025 7f7ac6819640                    Options.write_buffer_manager: 0x7f7ac14e49a0
2021/05/02-01:54:39.728028 7f7ac6819640         Options.access_hint_on_compaction_start: 1
2021/05/02-01:54:39.728033 7f7ac6819640  Options.new_table_reader_for_compaction_inputs: 0
2021/05/02-01:54:39.728034 7f7ac6819640           Options.random_access_max_buffer_size: 1048576
2021/05/02-01:54:39.728037 7f7ac6819640                      Options.use_adaptive_mutex: 0
2021/05/02-01:54:39.728038 7f7ac6819640                            Options.rate_limiter: (nil)
2021/05/02-01:54:39.728242 7f7ac6819640     Options.sst_file_manager.rate_bytes_per_sec: 0
2021/05/02-01:54:39.728267 7f7ac6819640                       Options.wal_recovery_mode: 2
2021/05/02-01:54:39.728270 7f7ac6819640                  Options.enable_thread_tracking: 0
2021/05/02-01:54:39.728271 7f7ac6819640                  Options.enable_pipelined_write: 0
2021/05/02-01:54:39.728273 7f7ac6819640                  Options.unordered_write: 0
2021/05/02-01:54:39.728275 7f7ac6819640         Options.allow_concurrent_memtable_write: 1
2021/05/02-01:54:39.728277 7f7ac6819640      Options.enable_write_thread_adaptive_yield: 1
2021/05/02-01:54:39.728279 7f7ac6819640             Options.write_thread_max_yield_usec: 100
2021/05/02-01:54:39.728281 7f7ac6819640            Options.write_thread_slow_yield_usec: 3
2021/05/02-01:54:39.728284 7f7ac6819640                               Options.row_cache: None
2021/05/02-01:54:39.728289 7f7ac6819640                              Options.wal_filter: None
2021/05/02-01:54:39.728299 7f7ac6819640             Options.avoid_flush_during_recovery: 0
2021/05/02-01:54:39.728301 7f7ac6819640             Options.allow_ingest_behind: 0
2021/05/02-01:54:39.728303 7f7ac6819640             Options.preserve_deletes: 0
2021/05/02-01:54:39.728305 7f7ac6819640             Options.two_write_queues: 0
2021/05/02-01:54:39.728309 7f7ac6819640             Options.manual_wal_flush: 0
2021/05/02-01:54:39.728314 7f7ac6819640             Options.atomic_flush: 0
2021/05/02-01:54:39.728316 7f7ac6819640             Options.avoid_unnecessary_blocking_io: 0
2021/05/02-01:54:39.728319 7f7ac6819640                 Options.persist_stats_to_disk: 0
2021/05/02-01:54:39.728323 7f7ac6819640                 Options.write_dbid_to_manifest: 0
2021/05/02-01:54:39.728326 7f7ac6819640                 Options.log_readahead_size: 0
2021/05/02-01:54:39.728329 7f7ac6819640                 Options.file_checksum_gen_factory: Unknown
2021/05/02-01:54:39.728333 7f7ac6819640                 Options.best_efforts_recovery: 0
2021/05/02-01:54:39.728336 7f7ac6819640                Options.max_bgerror_resume_count: 2147483647
2021/05/02-01:54:39.728339 7f7ac6819640            Options.bgerror_resume_retry_interval: 1000000
2021/05/02-01:54:39.728342 7f7ac6819640             Options.max_background_jobs: 2
2021/05/02-01:54:39.728344 7f7ac6819640             Options.max_background_compactions: -1
2021/05/02-01:54:39.728347 7f7ac6819640             Options.max_subcompactions: 1
2021/05/02-01:54:39.728352 7f7ac6819640             Options.avoid_flush_during_shutdown: 0
2021/05/02-01:54:39.728356 7f7ac6819640           Options.writable_file_max_buffer_size: 1048576
2021/05/02-01:54:39.728358 7f7ac6819640             Options.delayed_write_rate : 16777216
2021/05/02-01:54:39.728365 7f7ac6819640             Options.max_total_wal_size: 0
2021/05/02-01:54:39.728368 7f7ac6819640             Options.delete_obsolete_files_period_micros: 21600000000
2021/05/02-01:54:39.728371 7f7ac6819640                   Options.stats_dump_period_sec: 600
2021/05/02-01:54:39.728374 7f7ac6819640                 Options.stats_persist_period_sec: 600
2021/05/02-01:54:39.728379 7f7ac6819640                 Options.stats_history_buffer_size: 1048576
2021/05/02-01:54:39.728383 7f7ac6819640                          Options.max_open_files: -1
2021/05/02-01:54:39.728385 7f7ac6819640                          Options.bytes_per_sync: 0
2021/05/02-01:54:39.728388 7f7ac6819640                      Options.wal_bytes_per_sync: 0
2021/05/02-01:54:39.728390 7f7ac6819640                   Options.strict_bytes_per_sync: 0
2021/05/02-01:54:39.728393 7f7ac6819640       Options.compaction_readahead_size: 0
2021/05/02-01:54:39.728396 7f7ac6819640                  Options.max_background_flushes: -1
2021/05/02-01:54:39.728397 7f7ac6819640 Compression algorithms supported:
2021/05/02-01:54:39.728405 7f7ac6819640 	kZSTDNotFinalCompression supported: 1
2021/05/02-01:54:39.728411 7f7ac6819640 	kZSTD supported: 1
2021/05/02-01:54:39.728415 7f7ac6819640 	kXpressCompression supported: 0
2021/05/02-01:54:39.728530 7f7ac6819640 	kLZ4HCCompression supported: 1
2021/05/02-01:54:39.728550 7f7ac6819640 	kLZ4Compression supported: 1
2021/05/02-01:54:39.728555 7f7ac6819640 	kBZip2Compression supported: 1
2021/05/02-01:54:39.728557 7f7ac6819640 	kZlibCompression supported: 1
2021/05/02-01:54:39.728559 7f7ac6819640 	kSnappyCompression supported: 1
2021/05/02-01:54:39.728587 7f7ac6819640 Fast CRC32 supported: Not supported on x86
2021/05/02-01:54:39.728911 7f7ac6819640 [/version_set.cc:4560] Recovering from manifest file: /home/jimmy/dev/sumibi/db/tx-log/MANIFEST-000001
2021/05/02-01:54:39.730109 7f7ac6819640 [/column_family.cc:580] --------------- Options for column family [default]:
2021/05/02-01:54:39.730154 7f7ac6819640               Options.comparator: leveldb.BytewiseComparator
2021/05/02-01:54:39.730159 7f7ac6819640           Options.merge_operator: None
2021/05/02-01:54:39.730162 7f7ac6819640        Options.compaction_filter: None
2021/05/02-01:54:39.730167 7f7ac6819640        Options.compaction_filter_factory: None
2021/05/02-01:54:39.730169 7f7ac6819640  Options.sst_partitioner_factory: None
2021/05/02-01:54:39.730174 7f7ac6819640         Options.memtable_factory: SkipListFactory
2021/05/02-01:54:39.730178 7f7ac6819640            Options.table_factory: BlockBasedTable
2021/05/02-01:54:39.730413 7f7ac6819640            table_factory options:   flush_block_policy_factory: FlushBlockBySizePolicyFactory (0x7f7ac14e4be0)
  cache_index_and_filter_blocks: 0
  cache_index_and_filter_blocks_with_high_priority: 1
  pin_l0_filter_and_index_blocks_in_cache: 0
  pin_top_level_index_and_filter: 1
  index_type: 0
  data_block_index_type: 0
  index_shortening: 1
  data_block_hash_table_util_ratio: 0,750000
  hash_index_allow_collision: 1
  checksum: 1
  no_block_cache: 0
  block_cache: 0x7f7ac14c0470
  block_cache_name: LRUCache
  block_cache_options:
    capacity : 8388608
    num_shard_bits : 4
    strict_capacity_limit : 0
    memory_allocator : None
    high_pri_pool_ratio: 0,000
  block_cache_compressed: (nil)
  persistent_cache: (nil)
  block_size: 4096
  block_size_deviation: 10
  block_restart_interval: 16
  index_block_restart_interval: 1
  metadata_block_size: 4096
  partition_filters: 0
  use_delta_encoding: 1
  filter_policy: nullptr
  whole_key_filtering: 1
  verify_compression: 0
  read_amp_bytes_per_bit: 0
  format_version: 4
  enable_index_compression: 1
  block_align: 0
2021/05/02-01:54:39.730437 7f7ac6819640        Options.write_buffer_size: 67108864
2021/05/02-01:54:39.730444 7f7ac6819640  Options.max_write_buffer_number: 2
2021/05/02-01:54:39.730452 7f7ac6819640          Options.compression: LZ4
2021/05/02-01:54:39.730460 7f7ac6819640                  Options.bottommost_compression: ZSTD
2021/05/02-01:54:39.730464 7f7ac6819640       Options.prefix_extractor: nullptr
2021/05/02-01:54:39.730472 7f7ac6819640   Options.memtable_insert_with_hint_prefix_extractor: nullptr
2021/05/02-01:54:39.730477 7f7ac6819640             Options.num_levels: 7
2021/05/02-01:54:39.730480 7f7ac6819640        Options.min_write_buffer_number_to_merge: 1
2021/05/02-01:54:39.730487 7f7ac6819640     Options.max_write_buffer_number_to_maintain: 0
2021/05/02-01:54:39.730496 7f7ac6819640     Options.max_write_buffer_size_to_maintain: 0
2021/05/02-01:54:39.730503 7f7ac6819640            Options.bottommost_compression_opts.window_bits: -14
2021/05/02-01:54:39.730505 7f7ac6819640                  Options.bottommost_compression_opts.level: 32767
2021/05/02-01:54:39.730511 7f7ac6819640               Options.bottommost_compression_opts.strategy: 0
2021/05/02-01:54:39.730517 7f7ac6819640         Options.bottommost_compression_opts.max_dict_bytes: 0
2021/05/02-01:54:39.730527 7f7ac6819640         Options.bottommost_compression_opts.zstd_max_train_bytes: 0
2021/05/02-01:54:39.730539 7f7ac6819640         Options.bottommost_compression_opts.parallel_threads: 1
2021/05/02-01:54:39.730547 7f7ac6819640                  Options.bottommost_compression_opts.enabled: false
2021/05/02-01:54:39.730554 7f7ac6819640            Options.compression_opts.window_bits: -14
2021/05/02-01:54:39.730732 7f7ac6819640                  Options.compression_opts.level: 32767
2021/05/02-01:54:39.730742 7f7ac6819640               Options.compression_opts.strategy: 0
2021/05/02-01:54:39.730745 7f7ac6819640         Options.compression_opts.max_dict_bytes: 0
2021/05/02-01:54:39.730748 7f7ac6819640         Options.compression_opts.zstd_max_train_bytes: 0
2021/05/02-01:54:39.730750 7f7ac6819640         Options.compression_opts.parallel_threads: 1
2021/05/02-01:54:39.730752 7f7ac6819640                  Options.compression_opts.enabled: false
2021/05/02-01:54:39.730755 7f7ac6819640      Options.level0_file_num_compaction_trigger: 4
2021/05/02-01:54:39.730757 7f7ac6819640          Options.level0_slowdown_writes_trigger: 20
2021/05/02-01:54:39.730760 7f7ac6819640              Options.level0_stop_writes_trigger: 36
2021/05/02-01:54:39.730762 7f7ac6819640                   Options.target_file_size_base: 67108864
2021/05/02-01:54:39.730765 7f7ac6819640             Options.target_file_size_multiplier: 1
2021/05/02-01:54:39.730767 7f7ac6819640                Options.max_bytes_for_level_base: 268435456
2021/05/02-01:54:39.730769 7f7ac6819640 Options.level_compaction_dynamic_level_bytes: 0
2021/05/02-01:54:39.730772 7f7ac6819640          Options.max_bytes_for_level_multiplier: 10,000000
2021/05/02-01:54:39.730783 7f7ac6819640 Options.max_bytes_for_level_multiplier_addtl[0]: 1
2021/05/02-01:54:39.730788 7f7ac6819640 Options.max_bytes_for_level_multiplier_addtl[1]: 1
2021/05/02-01:54:39.730791 7f7ac6819640 Options.max_bytes_for_level_multiplier_addtl[2]: 1
2021/05/02-01:54:39.730794 7f7ac6819640 Options.max_bytes_for_level_multiplier_addtl[3]: 1
2021/05/02-01:54:39.730797 7f7ac6819640 Options.max_bytes_for_level_multiplier_addtl[4]: 1
2021/05/02-01:54:39.730800 7f7ac6819640 Options.max_bytes_for_level_multiplier_addtl[5]: 1
2021/05/02-01:54:39.730802 7f7ac6819640 Options.max_bytes_for_level_multiplier_addtl[6]: 1
2021/05/02-01:54:39.730807 7f7ac6819640       Options.max_sequential_skip_in_iterations: 8
2021/05/02-01:54:39.730810 7f7ac6819640                    Options.max_compaction_bytes: 1677721600
2021/05/02-01:54:39.730813 7f7ac6819640                        Options.arena_block_size: 8388608
2021/05/02-01:54:39.730815 7f7ac6819640   Options.soft_pending_compaction_bytes_limit: 68719476736
2021/05/02-01:54:39.730818 7f7ac6819640   Options.hard_pending_compaction_bytes_limit: 274877906944
2021/05/02-01:54:39.730822 7f7ac6819640       Options.rate_limit_delay_max_milliseconds: 100
2021/05/02-01:54:39.730824 7f7ac6819640                Options.disable_auto_compactions: 0
2021/05/02-01:54:39.730828 7f7ac6819640                        Options.compaction_style: kCompactionStyleLevel
2021/05/02-01:54:39.730832 7f7ac6819640                          Options.compaction_pri: kMinOverlappingRatio
2021/05/02-01:54:39.730836 7f7ac6819640 Options.compaction_options_universal.size_ratio: 1
2021/05/02-01:54:39.730838 7f7ac6819640 Options.compaction_options_universal.min_merge_width: 2
2021/05/02-01:54:39.730840 7f7ac6819640 Options.compaction_options_universal.max_merge_width: 4294967295
2021/05/02-01:54:39.730843 7f7ac6819640 Options.compaction_options_universal.max_size_amplification_percent: 200
2021/05/02-01:54:39.730846 7f7ac6819640 Options.compaction_options_universal.compression_size_percent: -1
2021/05/02-01:54:39.730850 7f7ac6819640 Options.compaction_options_universal.stop_style: kCompactionStopStyleTotalSize
2021/05/02-01:54:39.730852 7f7ac6819640 Options.compaction_options_fifo.max_table_files_size: 1073741824
2021/05/02-01:54:39.730856 7f7ac6819640 Options.compaction_options_fifo.allow_compaction: 0
2021/05/02-01:54:39.730880 7f7ac6819640                   Options.table_properties_collectors: 
2021/05/02-01:54:39.730884 7f7ac6819640                   Options.inplace_update_support: 0
2021/05/02-01:54:39.730887 7f7ac6819640                 Options.inplace_update_num_locks: 10000
2021/05/02-01:54:39.730889 7f7ac6819640               Options.memtable_prefix_bloom_size_ratio: 0,000000
2021/05/02-01:54:39.730972 7f7ac6819640               Options.memtable_whole_key_filtering: 0
2021/05/02-01:54:39.730976 7f7ac6819640   Options.memtable_huge_page_size: 0
2021/05/02-01:54:39.730979 7f7ac6819640                           Options.bloom_locality: 0
2021/05/02-01:54:39.730982 7f7ac6819640                    Options.max_successive_merges: 0
2021/05/02-01:54:39.730984 7f7ac6819640                Options.optimize_filters_for_hits: 0
2021/05/02-01:54:39.730986 7f7ac6819640                Options.paranoid_file_checks: 0
2021/05/02-01:54:39.730989 7f7ac6819640                Options.force_consistency_checks: 0
2021/05/02-01:54:39.730991 7f7ac6819640                Options.report_bg_io_stats: 0
2021/05/02-01:54:39.730994 7f7ac6819640                               Options.ttl: 2592000
2021/05/02-01:54:39.730997 7f7ac6819640          Options.periodic_compaction_seconds: 0
2021/05/02-01:54:39.743273 7f7ac6819640 [/version_set.cc:4718] Recovered from manifest file:/home/jimmy/dev/sumibi/db/tx-log/MANIFEST-000001 succeeded,manifest_file_number is 1, next_file_number is 3, last_sequence is 0, log_number is 0,prev_log_number is 0,max_column_family is 0,min_log_number_to_keep is 0
2021/05/02-01:54:39.743341 7f7ac6819640 [/version_set.cc:4727] Column family [default] (ID 0), log number is 0
2021/05/02-01:54:39.744238 7f7ac6819640 EVENT_LOG_v1 {"time_micros": 1619938479744214, "job": 1, "event": "recovery_started", "log_files": [3]}
2021/05/02-01:54:39.744285 7f7ac6819640 [/db_impl/db_impl_open.cc:823] Recovering log #3 mode 2
2021/05/02-01:54:39.744487 7f7ac6819640 [/version_set.cc:3950] Creating manifest 5
2021/05/02-01:54:39.858703 7f7ac6819640 EVENT_LOG_v1 {"time_micros": 1619938479858693, "job": 1, "event": "recovery_finished"}
2021/05/02-01:54:39.859235 7f7ac6819640 [le/delete_scheduler.cc:73] Deleted file /home/jimmy/dev/sumibi/db/tx-log/000003.log immediately, rate_bytes_per_sec 0, total_trash_size 0 max_trash_db_ratio 0,250000
2021/05/02-01:54:39.940708 7f7ac6819640 [/db_impl/db_impl_open.cc:1639] SstFileManager instance 0x7f7ac14e4c40
2021/05/02-01:54:39.940754 7f7ac6819640 DB pointer 0x7f7ac1506be0
