2021/05/02-01:54:39.170997 7f7ac6819640 RocksDB version: 6.12.7
2021/05/02-01:54:39.171078 7f7ac6819640 Git sha rocksdb_build_git_sha:
2021/05/02-01:54:39.171082 7f7ac6819640 Compile date Oct 14 2020
2021/05/02-01:54:39.171236 7f7ac6819640 DB SUMMARY
2021/05/02-01:54:39.171239 7f7ac6819640 DB Session ID:  5KIC6ZMOS7P0NK22PQJ4
2021/05/02-01:54:39.171289 7f7ac6819640 CURRENT file:  CURRENT
2021/05/02-01:54:39.171291 7f7ac6819640 IDENTITY file:  IDENTITY
2021/05/02-01:54:39.171297 7f7ac6819640 MANIFEST file:  MANIFEST-000001 size: 13 Bytes
2021/05/02-01:54:39.171301 7f7ac6819640 SST files in /home/jimmy/dev/sumibi/db/doc-store dir, Total Num: 0, files: 
2021/05/02-01:54:39.171304 7f7ac6819640 Write Ahead Log file in /home/jimmy/dev/sumibi/db/doc-store: 000003.log size: 0 ; 
2021/05/02-01:54:39.171309 7f7ac6819640                         Options.error_if_exists: 0
2021/05/02-01:54:39.171311 7f7ac6819640                       Options.create_if_missing: 1
2021/05/02-01:54:39.171313 7f7ac6819640                         Options.paranoid_checks: 1
2021/05/02-01:54:39.171315 7f7ac6819640                                     Options.env: 0x7f7a5e554480
2021/05/02-01:54:39.171318 7f7ac6819640                                      Options.fs: Posix File System
2021/05/02-01:54:39.171320 7f7ac6819640                                Options.info_log: 0x7f7ac05d16e0
2021/05/02-01:54:39.171322 7f7ac6819640                Options.max_file_opening_threads: 16
2021/05/02-01:54:39.171324 7f7ac6819640                              Options.statistics: (nil)
2021/05/02-01:54:39.171326 7f7ac6819640                               Options.use_fsync: 0
2021/05/02-01:54:39.171328 7f7ac6819640                       Options.max_log_file_size: 0
2021/05/02-01:54:39.171330 7f7ac6819640                  Options.max_manifest_file_size: 1073741824
2021/05/02-01:54:39.171331 7f7ac6819640                   Options.log_file_time_to_roll: 0
2021/05/02-01:54:39.171333 7f7ac6819640                       Options.keep_log_file_num: 1000
2021/05/02-01:54:39.171336 7f7ac6819640                    Options.recycle_log_file_num: 0
2021/05/02-01:54:39.171338 7f7ac6819640                         Options.allow_fallocate: 1
2021/05/02-01:54:39.171340 7f7ac6819640                        Options.allow_mmap_reads: 0
2021/05/02-01:54:39.171342 7f7ac6819640                       Options.allow_mmap_writes: 0
2021/05/02-01:54:39.171344 7f7ac6819640                        Options.use_direct_reads: 0
2021/05/02-01:54:39.171345 7f7ac6819640                        Options.use_direct_io_for_flush_and_compaction: 0
2021/05/02-01:54:39.171347 7f7ac6819640          Options.create_missing_column_families: 0
2021/05/02-01:54:39.171349 7f7ac6819640                              Options.db_log_dir: 
2021/05/02-01:54:39.171351 7f7ac6819640                                 Options.wal_dir: /home/jimmy/dev/sumibi/db/doc-store
2021/05/02-01:54:39.171353 7f7ac6819640                Options.table_cache_numshardbits: 6
2021/05/02-01:54:39.171355 7f7ac6819640                         Options.WAL_ttl_seconds: 0
2021/05/02-01:54:39.171356 7f7ac6819640                       Options.WAL_size_limit_MB: 0
2021/05/02-01:54:39.171358 7f7ac6819640                        Options.max_write_batch_group_size_bytes: 1048576
2021/05/02-01:54:39.171360 7f7ac6819640             Options.manifest_preallocation_size: 4194304
2021/05/02-01:54:39.171362 7f7ac6819640                     Options.is_fd_close_on_exec: 1
2021/05/02-01:54:39.171363 7f7ac6819640                   Options.advise_random_on_open: 1
2021/05/02-01:54:39.171365 7f7ac6819640                    Options.db_write_buffer_size: 0
2021/05/02-01:54:39.171366 7f7ac6819640                    Options.write_buffer_manager: 0x7f7ac14b5e90
2021/05/02-01:54:39.171368 7f7ac6819640         Options.access_hint_on_compaction_start: 1
2021/05/02-01:54:39.171370 7f7ac6819640  Options.new_table_reader_for_compaction_inputs: 0
2021/05/02-01:54:39.171372 7f7ac6819640           Options.random_access_max_buffer_size: 1048576
2021/05/02-01:54:39.171375 7f7ac6819640                      Options.use_adaptive_mutex: 0
2021/05/02-01:54:39.171376 7f7ac6819640                            Options.rate_limiter: (nil)
2021/05/02-01:54:39.171401 7f7ac6819640     Options.sst_file_manager.rate_bytes_per_sec: 0
2021/05/02-01:54:39.171403 7f7ac6819640                       Options.wal_recovery_mode: 2
2021/05/02-01:54:39.171405 7f7ac6819640                  Options.enable_thread_tracking: 0
2021/05/02-01:54:39.171406 7f7ac6819640                  Options.enable_pipelined_write: 0
2021/05/02-01:54:39.171408 7f7ac6819640                  Options.unordered_write: 0
2021/05/02-01:54:39.171409 7f7ac6819640         Options.allow_concurrent_memtable_write: 1
2021/05/02-01:54:39.171412 7f7ac6819640      Options.enable_write_thread_adaptive_yield: 1
2021/05/02-01:54:39.171414 7f7ac6819640             Options.write_thread_max_yield_usec: 100
2021/05/02-01:54:39.171416 7f7ac6819640            Options.write_thread_slow_yield_usec: 3
2021/05/02-01:54:39.171418 7f7ac6819640                               Options.row_cache: None
2021/05/02-01:54:39.171420 7f7ac6819640                              Options.wal_filter: None
2021/05/02-01:54:39.171422 7f7ac6819640             Options.avoid_flush_during_recovery: 0
2021/05/02-01:54:39.171424 7f7ac6819640             Options.allow_ingest_behind: 0
2021/05/02-01:54:39.171425 7f7ac6819640             Options.preserve_deletes: 0
2021/05/02-01:54:39.171427 7f7ac6819640             Options.two_write_queues: 0
2021/05/02-01:54:39.171429 7f7ac6819640             Options.manual_wal_flush: 0
2021/05/02-01:54:39.171430 7f7ac6819640             Options.atomic_flush: 0
2021/05/02-01:54:39.171432 7f7ac6819640             Options.avoid_unnecessary_blocking_io: 0
2021/05/02-01:54:39.171434 7f7ac6819640                 Options.persist_stats_to_disk: 0
2021/05/02-01:54:39.171436 7f7ac6819640                 Options.write_dbid_to_manifest: 0
2021/05/02-01:54:39.171437 7f7ac6819640                 Options.log_readahead_size: 0
2021/05/02-01:54:39.171439 7f7ac6819640                 Options.file_checksum_gen_factory: Unknown
2021/05/02-01:54:39.171441 7f7ac6819640                 Options.best_efforts_recovery: 0
2021/05/02-01:54:39.171443 7f7ac6819640                Options.max_bgerror_resume_count: 2147483647
2021/05/02-01:54:39.171444 7f7ac6819640            Options.bgerror_resume_retry_interval: 1000000
2021/05/02-01:54:39.171447 7f7ac6819640             Options.max_background_jobs: 2
2021/05/02-01:54:39.171449 7f7ac6819640             Options.max_background_compactions: -1
2021/05/02-01:54:39.171451 7f7ac6819640             Options.max_subcompactions: 1
2021/05/02-01:54:39.171452 7f7ac6819640             Options.avoid_flush_during_shutdown: 0
2021/05/02-01:54:39.171454 7f7ac6819640           Options.writable_file_max_buffer_size: 1048576
2021/05/02-01:54:39.171456 7f7ac6819640             Options.delayed_write_rate : 16777216
2021/05/02-01:54:39.171458 7f7ac6819640             Options.max_total_wal_size: 0
2021/05/02-01:54:39.171459 7f7ac6819640             Options.delete_obsolete_files_period_micros: 21600000000
2021/05/02-01:54:39.171461 7f7ac6819640                   Options.stats_dump_period_sec: 600
2021/05/02-01:54:39.171463 7f7ac6819640                 Options.stats_persist_period_sec: 600
2021/05/02-01:54:39.171465 7f7ac6819640                 Options.stats_history_buffer_size: 1048576
2021/05/02-01:54:39.171467 7f7ac6819640                          Options.max_open_files: -1
2021/05/02-01:54:39.171469 7f7ac6819640                          Options.bytes_per_sync: 0
2021/05/02-01:54:39.171471 7f7ac6819640                      Options.wal_bytes_per_sync: 0
2021/05/02-01:54:39.171473 7f7ac6819640                   Options.strict_bytes_per_sync: 0
2021/05/02-01:54:39.171475 7f7ac6819640       Options.compaction_readahead_size: 0
2021/05/02-01:54:39.171477 7f7ac6819640                  Options.max_background_flushes: -1
2021/05/02-01:54:39.171479 7f7ac6819640 Compression algorithms supported:
2021/05/02-01:54:39.171481 7f7ac6819640 	kZSTDNotFinalCompression supported: 1
2021/05/02-01:54:39.171492 7f7ac6819640 	kZSTD supported: 1
2021/05/02-01:54:39.171494 7f7ac6819640 	kXpressCompression supported: 0
2021/05/02-01:54:39.171507 7f7ac6819640 	kLZ4HCCompression supported: 1
2021/05/02-01:54:39.171509 7f7ac6819640 	kLZ4Compression supported: 1
2021/05/02-01:54:39.171512 7f7ac6819640 	kBZip2Compression supported: 1
2021/05/02-01:54:39.171514 7f7ac6819640 	kZlibCompression supported: 1
2021/05/02-01:54:39.171516 7f7ac6819640 	kSnappyCompression supported: 1
2021/05/02-01:54:39.171523 7f7ac6819640 Fast CRC32 supported: Not supported on x86
2021/05/02-01:54:39.171678 7f7ac6819640 [/version_set.cc:4560] Recovering from manifest file: /home/jimmy/dev/sumibi/db/doc-store/MANIFEST-000001
2021/05/02-01:54:39.171917 7f7ac6819640 [/column_family.cc:580] --------------- Options for column family [default]:
2021/05/02-01:54:39.171924 7f7ac6819640               Options.comparator: leveldb.BytewiseComparator
2021/05/02-01:54:39.171926 7f7ac6819640           Options.merge_operator: None
2021/05/02-01:54:39.171929 7f7ac6819640        Options.compaction_filter: None
2021/05/02-01:54:39.171931 7f7ac6819640        Options.compaction_filter_factory: None
2021/05/02-01:54:39.171932 7f7ac6819640  Options.sst_partitioner_factory: None
2021/05/02-01:54:39.171934 7f7ac6819640         Options.memtable_factory: SkipListFactory
2021/05/02-01:54:39.171937 7f7ac6819640            Options.table_factory: BlockBasedTable
2021/05/02-01:54:39.172062 7f7ac6819640            table_factory options:   flush_block_policy_factory: FlushBlockBySizePolicyFactory (0x7f7ac14b7450)
  cache_index_and_filter_blocks: 0
  cache_index_and_filter_blocks_with_high_priority: 1
  pin_l0_filter_and_index_blocks_in_cache: 0
  pin_top_level_index_and_filter: 1
  index_type: 0
  data_block_index_type: 0
  index_shortening: 1
  data_block_hash_table_util_ratio: 0,750000
  hash_index_allow_collision: 1
  checksum: 1
  no_block_cache: 0
  block_cache: 0x7f7ac14c0590
  block_cache_name: LRUCache
  block_cache_options:
    capacity : 8388608
    num_shard_bits : 4
    strict_capacity_limit : 0
    memory_allocator : None
    high_pri_pool_ratio: 0,000
  block_cache_compressed: (nil)
  persistent_cache: (nil)
  block_size: 4096
  block_size_deviation: 10
  block_restart_interval: 16
  index_block_restart_interval: 1
  metadata_block_size: 4096
  partition_filters: 0
  use_delta_encoding: 1
  filter_policy: nullptr
  whole_key_filtering: 1
  verify_compression: 0
  read_amp_bytes_per_bit: 0
  format_version: 4
  enable_index_compression: 1
  block_align: 0
2021/05/02-01:54:39.172068 7f7ac6819640        Options.write_buffer_size: 67108864
2021/05/02-01:54:39.172072 7f7ac6819640  Options.max_write_buffer_number: 2
2021/05/02-01:54:39.172075 7f7ac6819640          Options.compression: LZ4
2021/05/02-01:54:39.172078 7f7ac6819640                  Options.bottommost_compression: ZSTD
2021/05/02-01:54:39.172080 7f7ac6819640       Options.prefix_extractor: nullptr
2021/05/02-01:54:39.172082 7f7ac6819640   Options.memtable_insert_with_hint_prefix_extractor: nullptr
2021/05/02-01:54:39.172084 7f7ac6819640             Options.num_levels: 7
2021/05/02-01:54:39.172086 7f7ac6819640        Options.min_write_buffer_number_to_merge: 1
2021/05/02-01:54:39.172087 7f7ac6819640     Options.max_write_buffer_number_to_maintain: 0
2021/05/02-01:54:39.172089 7f7ac6819640     Options.max_write_buffer_size_to_maintain: 0
2021/05/02-01:54:39.172091 7f7ac6819640            Options.bottommost_compression_opts.window_bits: -14
2021/05/02-01:54:39.172093 7f7ac6819640                  Options.bottommost_compression_opts.level: 32767
2021/05/02-01:54:39.172095 7f7ac6819640               Options.bottommost_compression_opts.strategy: 0
2021/05/02-01:54:39.172097 7f7ac6819640         Options.bottommost_compression_opts.max_dict_bytes: 0
2021/05/02-01:54:39.172098 7f7ac6819640         Options.bottommost_compression_opts.zstd_max_train_bytes: 0
2021/05/02-01:54:39.172100 7f7ac6819640         Options.bottommost_compression_opts.parallel_threads: 1
2021/05/02-01:54:39.172102 7f7ac6819640                  Options.bottommost_compression_opts.enabled: false
2021/05/02-01:54:39.172104 7f7ac6819640            Options.compression_opts.window_bits: -14
2021/05/02-01:54:39.172128 7f7ac6819640                  Options.compression_opts.level: 32767
2021/05/02-01:54:39.172130 7f7ac6819640               Options.compression_opts.strategy: 0
2021/05/02-01:54:39.172132 7f7ac6819640         Options.compression_opts.max_dict_bytes: 0
2021/05/02-01:54:39.172134 7f7ac6819640         Options.compression_opts.zstd_max_train_bytes: 0
2021/05/02-01:54:39.172135 7f7ac6819640         Options.compression_opts.parallel_threads: 1
2021/05/02-01:54:39.172137 7f7ac6819640                  Options.compression_opts.enabled: false
2021/05/02-01:54:39.172138 7f7ac6819640      Options.level0_file_num_compaction_trigger: 4
2021/05/02-01:54:39.172140 7f7ac6819640          Options.level0_slowdown_writes_trigger: 20
2021/05/02-01:54:39.172142 7f7ac6819640              Options.level0_stop_writes_trigger: 36
2021/05/02-01:54:39.172144 7f7ac6819640                   Options.target_file_size_base: 67108864
2021/05/02-01:54:39.172146 7f7ac6819640             Options.target_file_size_multiplier: 1
2021/05/02-01:54:39.172147 7f7ac6819640                Options.max_bytes_for_level_base: 268435456
2021/05/02-01:54:39.172149 7f7ac6819640 Options.level_compaction_dynamic_level_bytes: 0
2021/05/02-01:54:39.172151 7f7ac6819640          Options.max_bytes_for_level_multiplier: 10,000000
2021/05/02-01:54:39.172155 7f7ac6819640 Options.max_bytes_for_level_multiplier_addtl[0]: 1
2021/05/02-01:54:39.172157 7f7ac6819640 Options.max_bytes_for_level_multiplier_addtl[1]: 1
2021/05/02-01:54:39.172159 7f7ac6819640 Options.max_bytes_for_level_multiplier_addtl[2]: 1
2021/05/02-01:54:39.172160 7f7ac6819640 Options.max_bytes_for_level_multiplier_addtl[3]: 1
2021/05/02-01:54:39.172162 7f7ac6819640 Options.max_bytes_for_level_multiplier_addtl[4]: 1
2021/05/02-01:54:39.172164 7f7ac6819640 Options.max_bytes_for_level_multiplier_addtl[5]: 1
2021/05/02-01:54:39.172165 7f7ac6819640 Options.max_bytes_for_level_multiplier_addtl[6]: 1
2021/05/02-01:54:39.172167 7f7ac6819640       Options.max_sequential_skip_in_iterations: 8
2021/05/02-01:54:39.172169 7f7ac6819640                    Options.max_compaction_bytes: 1677721600
2021/05/02-01:54:39.172171 7f7ac6819640                        Options.arena_block_size: 8388608
2021/05/02-01:54:39.172172 7f7ac6819640   Options.soft_pending_compaction_bytes_limit: 68719476736
2021/05/02-01:54:39.172174 7f7ac6819640   Options.hard_pending_compaction_bytes_limit: 274877906944
2021/05/02-01:54:39.172176 7f7ac6819640       Options.rate_limit_delay_max_milliseconds: 100
2021/05/02-01:54:39.172178 7f7ac6819640                Options.disable_auto_compactions: 0
2021/05/02-01:54:39.172180 7f7ac6819640                        Options.compaction_style: kCompactionStyleLevel
2021/05/02-01:54:39.172182 7f7ac6819640                          Options.compaction_pri: kMinOverlappingRatio
2021/05/02-01:54:39.172184 7f7ac6819640 Options.compaction_options_universal.size_ratio: 1
2021/05/02-01:54:39.172185 7f7ac6819640 Options.compaction_options_universal.min_merge_width: 2
2021/05/02-01:54:39.172187 7f7ac6819640 Options.compaction_options_universal.max_merge_width: 4294967295
2021/05/02-01:54:39.172189 7f7ac6819640 Options.compaction_options_universal.max_size_amplification_percent: 200
2021/05/02-01:54:39.172191 7f7ac6819640 Options.compaction_options_universal.compression_size_percent: -1
2021/05/02-01:54:39.172193 7f7ac6819640 Options.compaction_options_universal.stop_style: kCompactionStopStyleTotalSize
2021/05/02-01:54:39.172194 7f7ac6819640 Options.compaction_options_fifo.max_table_files_size: 1073741824
2021/05/02-01:54:39.172196 7f7ac6819640 Options.compaction_options_fifo.allow_compaction: 0
2021/05/02-01:54:39.172204 7f7ac6819640                   Options.table_properties_collectors: 
2021/05/02-01:54:39.172206 7f7ac6819640                   Options.inplace_update_support: 0
2021/05/02-01:54:39.172208 7f7ac6819640                 Options.inplace_update_num_locks: 10000
2021/05/02-01:54:39.172209 7f7ac6819640               Options.memtable_prefix_bloom_size_ratio: 0,000000
2021/05/02-01:54:39.172222 7f7ac6819640               Options.memtable_whole_key_filtering: 0
2021/05/02-01:54:39.172224 7f7ac6819640   Options.memtable_huge_page_size: 0
2021/05/02-01:54:39.172226 7f7ac6819640                           Options.bloom_locality: 0
2021/05/02-01:54:39.172227 7f7ac6819640                    Options.max_successive_merges: 0
2021/05/02-01:54:39.172229 7f7ac6819640                Options.optimize_filters_for_hits: 0
2021/05/02-01:54:39.172231 7f7ac6819640                Options.paranoid_file_checks: 0
2021/05/02-01:54:39.172233 7f7ac6819640                Options.force_consistency_checks: 0
2021/05/02-01:54:39.172234 7f7ac6819640                Options.report_bg_io_stats: 0
2021/05/02-01:54:39.172236 7f7ac6819640                               Options.ttl: 2592000
2021/05/02-01:54:39.172238 7f7ac6819640          Options.periodic_compaction_seconds: 0
2021/05/02-01:54:39.173239 7f7ac6819640 [/version_set.cc:4718] Recovered from manifest file:/home/jimmy/dev/sumibi/db/doc-store/MANIFEST-000001 succeeded,manifest_file_number is 1, next_file_number is 3, last_sequence is 0, log_number is 0,prev_log_number is 0,max_column_family is 0,min_log_number_to_keep is 0
2021/05/02-01:54:39.173251 7f7ac6819640 [/version_set.cc:4727] Column family [default] (ID 0), log number is 0
2021/05/02-01:54:39.173455 7f7ac6819640 EVENT_LOG_v1 {"time_micros": 1619938479173440, "job": 1, "event": "recovery_started", "log_files": [3]}
2021/05/02-01:54:39.173466 7f7ac6819640 [/db_impl/db_impl_open.cc:823] Recovering log #3 mode 2
2021/05/02-01:54:39.173530 7f7ac6819640 [/version_set.cc:3950] Creating manifest 5
2021/05/02-01:54:39.310947 7f7ac6819640 EVENT_LOG_v1 {"time_micros": 1619938479310937, "job": 1, "event": "recovery_finished"}
2021/05/02-01:54:39.311366 7f7ac6819640 [le/delete_scheduler.cc:73] Deleted file /home/jimmy/dev/sumibi/db/doc-store/000003.log immediately, rate_bytes_per_sec 0, total_trash_size 0 max_trash_db_ratio 0,250000
2021/05/02-01:54:39.368052 7f7ac6819640 [/db_impl/db_impl_open.cc:1639] SstFileManager instance 0x7f7ac05321d0
2021/05/02-01:54:39.368103 7f7ac6819640 DB pointer 0x7f7ac14b8a00
2021/05/02-01:54:39.372275 7f7a3c7f8640 [/db_impl/db_impl.cc:899] ------- DUMPING STATS -------
2021/05/02-01:54:39.372330 7f7a3c7f8640 [/db_impl/db_impl.cc:900] 
** DB Stats **
Uptime(secs): 0,2 total, 0,2 interval
Cumulative writes: 0 writes, 0 keys, 0 commit groups, 0,0 writes per commit group, ingest: 0,00 GB, 0,00 MB/s
Cumulative WAL: 0 writes, 0 syncs, 0,00 writes per sync, written: 0,00 GB, 0,00 MB/s
Cumulative stall: 00:00:0,000 H:M:S, 0,0 percent
Interval writes: 0 writes, 0 keys, 0 commit groups, 0,0 writes per commit group, ingest: 0,00 MB, 0,00 MB/s
Interval WAL: 0 writes, 0 syncs, 0,00 writes per sync, written: 0,00 MB, 0,00 MB/s
Interval stall: 00:00:0,000 H:M:S, 0,0 percent

** Compaction Stats [default] **
Level    Files   Size     Score Read(GB)  Rn(GB) Rnp1(GB) Write(GB) Wnew(GB) Moved(GB) W-Amp Rd(MB/s) Wr(MB/s) Comp(sec) CompMergeCPU(sec) Comp(cnt) Avg(sec) KeyIn KeyDrop
----------------------------------------------------------------------------------------------------------------------------------------------------------------------------
 Sum      0/0    0,00 KB   0,0      0,0     0,0      0,0       0,0      0,0       0,0   0,0      0,0      0,0      0,00              0,00         0    0,000       0      0
 Int      0/0    0,00 KB   0,0      0,0     0,0      0,0       0,0      0,0       0,0   0,0      0,0      0,0      0,00              0,00         0    0,000       0      0

** Compaction Stats [default] **
Priority    Files   Size     Score Read(GB)  Rn(GB) Rnp1(GB) Write(GB) Wnew(GB) Moved(GB) W-Amp Rd(MB/s) Wr(MB/s) Comp(sec) CompMergeCPU(sec) Comp(cnt) Avg(sec) KeyIn KeyDrop
-------------------------------------------------------------------------------------------------------------------------------------------------------------------------------
Uptime(secs): 0,2 total, 0,2 interval
Flush(GB): cumulative 0,000, interval 0,000
AddFile(GB): cumulative 0,000, interval 0,000
AddFile(Total Files): cumulative 0, interval 0
AddFile(L0 Files): cumulative 0, interval 0
AddFile(Keys): cumulative 0, interval 0
Cumulative compaction: 0,00 GB write, 0,00 MB/s write, 0,00 GB read, 0,00 MB/s read, 0,0 seconds
Interval compaction: 0,00 GB write, 0,00 MB/s write, 0,00 GB read, 0,00 MB/s read, 0,0 seconds
Stalls(count): 0 level0_slowdown, 0 level0_slowdown_with_compaction, 0 level0_numfiles, 0 level0_numfiles_with_compaction, 0 stop for pending_compaction_bytes, 0 slowdown for pending_compaction_bytes, 0 memtable_compaction, 0 memtable_slowdown, interval 0 total count

** File Read Latency Histogram By Level [default] **

** Compaction Stats [default] **
Level    Files   Size     Score Read(GB)  Rn(GB) Rnp1(GB) Write(GB) Wnew(GB) Moved(GB) W-Amp Rd(MB/s) Wr(MB/s) Comp(sec) CompMergeCPU(sec) Comp(cnt) Avg(sec) KeyIn KeyDrop
----------------------------------------------------------------------------------------------------------------------------------------------------------------------------
 Sum      0/0    0,00 KB   0,0      0,0     0,0      0,0       0,0      0,0       0,0   0,0      0,0      0,0      0,00              0,00         0    0,000       0      0
 Int      0/0    0,00 KB   0,0      0,0     0,0      0,0       0,0      0,0       0,0   0,0      0,0      0,0      0,00              0,00         0    0,000       0      0

** Compaction Stats [default] **
Priority    Files   Size     Score Read(GB)  Rn(GB) Rnp1(GB) Write(GB) Wnew(GB) Moved(GB) W-Amp Rd(MB/s) Wr(MB/s) Comp(sec) CompMergeCPU(sec) Comp(cnt) Avg(sec) KeyIn KeyDrop
-------------------------------------------------------------------------------------------------------------------------------------------------------------------------------
Uptime(secs): 0,2 total, 0,0 interval
Flush(GB): cumulative 0,000, interval 0,000
AddFile(GB): cumulative 0,000, interval 0,000
AddFile(Total Files): cumulative 0, interval 0
AddFile(L0 Files): cumulative 0, interval 0
AddFile(Keys): cumulative 0, interval 0
Cumulative compaction: 0,00 GB write, 0,00 MB/s write, 0,00 GB read, 0,00 MB/s read, 0,0 seconds
Interval compaction: 0,00 GB write, 0,00 MB/s write, 0,00 GB read, 0,00 MB/s read, 0,0 seconds
Stalls(count): 0 level0_slowdown, 0 level0_slowdown_with_compaction, 0 level0_numfiles, 0 level0_numfiles_with_compaction, 0 stop for pending_compaction_bytes, 0 slowdown for pending_compaction_bytes, 0 memtable_compaction, 0 memtable_slowdown, interval 0 total count

** File Read Latency Histogram By Level [default] **
